[ 1  0  0  0]
[ 0  1  0  0]
[ 0  0  1  0]
[ 0  0  0  1]

[ 0.70710678 0 0.70710678 0]
[ 0 1 0 0]
[-0.70710678 0 0.70710678 0]
[ 0 0 0 1]

[ 0 0 1 0]
[ 0 1 0 0]
[-1 0 0 0]
[ 0 0 0 1]

[-0.70710678 0 0.70710678 0]
[ 0 1 0 0]
[-0.70710678 0 -0.70710678 0]
[ 0 0 0 1]

[-1 0 0 0]
[ 0 1 0 0]
[ 0 0 -1 0]
[ 0 0 0 1]

[ -0.70710678 0 -0.70710678 0]
[ 0 1 0 0]
[ 0.70710678 0 -0.70710678 0]
[ 0 0 0 1]

[ 0 0 -1 0]
[ 0 1 0 0]
[ 1 0 0 0]
[ 0 0 0 1]

[ 0.70710678 0 -0.70710678 0]
[ 0  1  0  0]
[ 0.70710678 0 0.70710678 0]
[ 0  0  0  1]
